# This is aOsteonsFile.txt file list, that is exported from the software
# made by Arso Vukicevic (arso_kg@yahoo.com).
ID_Node X_coordinate Y_coordinate Z_coordinate X_osteon Y_osteon Z_osteon X_normal Y_normal Z_normal X_binormal Y_binormal Z_binormal idZone
DataList_BEGIN
1 8.488453e+01 1.848261e+02 7.735963e+01  -3.689133e-01  -8.251130e-01  -4.278920e-01  -9.125806e-01 4.088935e-01 -1.683310e-03 1.763512e-01  3.898649e-01  -9.038283e-01  8
2 8.526713e+01 1.835587e+02 7.397234e+01  1.671962e-01  -7.915332e-01  -5.878100e-01  -9.695631e-01 -2.384092e-02 -2.436781e-01 1.788653e-01  6.106610e-01  -7.714275e-01  8
3 8.547141e+01 1.862896e+02 7.446386e+01  -3.689133e-01  -8.251130e-01  -4.278920e-01  -9.125806e-01 4.088935e-01 -1.683310e-03 1.763512e-01  3.898649e-01  -9.038283e-01  8
4 8.623380e+01 1.819372e+02 7.615895e+01  -7.070740e-03  -9.336361e-01  -3.581531e-01  -9.707392e-01 -7.956389e-02 2.265723e-01 -2.400321e-01  3.492753e-01  -9.057546e-01  8
5 8.656710e+01 1.814875e+02 7.388202e+01  3.767066e-01  -5.275934e-01  -7.614049e-01  -8.382515e-01 -5.439723e-01 -3.779672e-02 -3.942419e-01  6.524870e-01  -6.471739e-01  8
6 8.661795e+01 1.882009e+02 7.645735e+01  -7.661938e-01  -5.158068e-01  -3.832628e-01  -6.212963e-01 7.469369e-01 2.368042e-01 1.641279e-01  4.195577e-01  -8.927673e-01  8
7 8.686157e+01 1.854308e+02 7.236080e+01  1.671962e-01  -7.915332e-01  -5.878100e-01  -8.071952e-01 2.324379e-01 -5.425942e-01 5.661107e-01  5.651972e-01  -6.000590e-01  8
8 8.715370e+01 1.825276e+02 7.156124e+01  3.576706e-01  -4.443944e-01  -8.213315e-01  -9.090337e-01 -3.670860e-01 -1.972452e-01 -2.138446e-01  8.171668e-01  -5.352653e-01  8
9 8.742341e+01 1.877373e+02 7.350208e+01  -2.934532e-01  -6.858347e-01  -6.659700e-01  -6.878781e-01 6.352579e-01 -3.510998e-01 6.638592e-01  3.550748e-01  -6.581891e-01  8
10 8.757315e+01 1.833157e+02 7.799149e+01  -3.689133e-01  -8.251130e-01  -4.278920e-01  -3.696373e-01 -2.921525e-01 8.820517e-01 -8.528020e-01  4.835654e-01  -1.972136e-01  8
11 8.786874e+01 1.807136e+02 7.497399e+01  -2.061217e-01  -4.096570e-01  -8.886478e-01  -5.194611e-01 -7.238101e-01 4.541575e-01 -8.292611e-01  5.552297e-01  -6.360793e-02  8
12 8.792523e+01 1.800781e+02 7.296480e+01  6.432447e-03  -2.276845e-01  -9.737137e-01  -9.015989e-01 -4.224937e-01 9.283608e-02 -4.325253e-01  8.773020e-01  -2.079977e-01  8
13 8.818376e+01 1.859893e+02 7.883325e+01  -7.661938e-01  -5.158068e-01  -3.832628e-01  -6.062618e-01 3.824762e-01 6.972507e-01 -2.130578e-01  7.665868e-01  -6.057649e-01  8
14 8.835857e+01 1.799605e+02 7.033785e+01  3.973115e-01  -4.348392e-01  -8.081203e-01  -8.859740e-01 -4.112486e-01 -2.143005e-01 -2.391521e-01  8.011177e-01  -5.486500e-01  8
15 8.836877e+01 1.849973e+02 7.011568e+01  3.556389e-01  -6.568437e-01  -6.648890e-01  -8.347497e-01 9.674055e-02 -5.420648e-01 4.203735e-01  7.477952e-01  -5.138953e-01  8
16 8.864647e+01 1.870129e+02 7.147162e+01  2.002086e-01  -5.580423e-01  -8.052983e-01  -7.011835e-01 4.924607e-01 -5.155814e-01 6.842940e-01  6.678857e-01  -2.926951e-01  8
17 8.865073e+01 1.825349e+02 6.828091e+01  3.973115e-01  -4.348392e-01  -8.081203e-01  -9.176746e-01 -1.922116e-01 -3.477471e-01 -4.116091e-03  8.797554e-01  -4.754088e-01  8
18 8.903940e+01 1.816944e+02 7.668225e+01  -5.755450e-01  -5.640138e-01  -5.921457e-01  -1.242058e-01 -6.554068e-01 7.449932e-01 -8.082827e-01  5.023250e-01  3.071623e-01  8
19 8.909886e+01 1.795899e+02 6.768213e+01  3.053799e-01  -3.840904e-01  -8.713310e-01  -9.521034e-01 -1.082035e-01 -2.859916e-01 1.556558e-02  9.169333e-01  -3.987369e-01  8
20 8.916170e+01 1.893233e+02 7.472725e+01  -6.918247e-01  -3.761316e-01  -6.163633e-01  -3.830685e-01 9.147713e-01 -1.282654e-01 6.120761e-01  1.473722e-01  -7.769455e-01  8
21 8.933271e+01 1.885034e+02 7.263266e+01  -1.725140e-01  -4.460441e-01  -8.782275e-01  -4.853870e-01 8.143231e-01 -3.182409e-01 8.571105e-01  3.713792e-01  -3.569861e-01  8
22 8.939752e+01 1.778824e+02 6.959239e+01  -7.667447e-02  -1.545261e-01  -9.850090e-01  -9.284417e-01 -3.490820e-01 1.270344e-01 -3.634790e-01  9.242637e-01  -1.167028e-01  8
23 8.959566e+01 1.812775e+02 6.566095e+01  3.053799e-01  -3.840904e-01  -8.713310e-01  -9.512150e-01 -8.079527e-02 -2.977620e-01 4.396811e-02  9.197536e-01  -3.900258e-01  8
24 8.959775e+01 1.788191e+02 6.516400e+01  2.131437e-01  -3.539570e-01  -9.106504e-01  -9.707798e-01 2.845771e-02 -2.382785e-01 1.102554e-01  9.348286e-01  -3.375487e-01  8
25 8.962195e+01 1.777690e+02 7.230138e+01  6.432447e-03  -2.276845e-01  -9.737137e-01  -8.398019e-01 -5.298371e-01 1.183445e-01 -5.428549e-01  8.169654e-01  -1.946180e-01  8
26 8.985852e+01 1.888491e+02 7.769965e+01  -8.980880e-01  -4.364196e-01  -5.455122e-02  -3.213595e-01 5.664569e-01 7.588509e-01 -3.002765e-01  6.990454e-01  -6.489758e-01  8
27 8.987644e+01 1.772348e+02 6.723391e+01  8.156793e-02  -1.273258e-01  -9.885013e-01  -9.579417e-01 -2.837995e-01 -4.249091e-02 -2.751260e-01  9.503925e-01  -1.451196e-01  8
28 8.989184e+01 1.866222e+02 6.984158e+01  -2.944835e-01  -7.968737e-01  -5.275147e-01  -6.025315e-01 5.832746e-01 -5.447444e-01 7.417784e-01  1.574260e-01  -6.519063e-01  8
29 8.996447e+01 1.769127e+02 7.069870e+01  6.821462e-02  -5.879777e-01  -8.059956e-01  -9.114015e-01 -3.653484e-01 1.893879e-01 -4.058251e-01  7.216666e-01  -5.608059e-01  8
30 9.019044e+01 1.759613e+02 6.435028e+01  1.281317e-01  -3.240527e-01  -9.373218e-01  -9.754278e-01 -2.119761e-01 -6.005603e-02 -1.792285e-01  9.219848e-01  -3.432508e-01  8
31 9.022305e+01 1.836661e+02 7.837613e+01  -6.937631e-01  -6.990867e-01  -1.731199e-01  -3.321720e-02 -2.090611e-01 9.773383e-01 -7.194368e-01  6.837918e-01  1.218172e-01  8
32 9.026031e+01 1.852590e+02 6.810718e+01  -1.653216e-01  -9.209829e-01  -3.527877e-01  -7.013301e-01 3.612810e-01 -6.145015e-01 6.934009e-01  1.458303e-01  -7.056407e-01  8
33 9.029542e+01 1.785761e+02 6.259706e+01  1.682272e-01  -5.163509e-01  -8.396912e-01  -9.855268e-01 -7.004650e-02 -1.543709e-01 2.089212e-02  8.535076e-01  -5.206614e-01  8
34 9.032179e+01 1.802783e+02 7.446557e+01  -2.061217e-01  -4.096570e-01  -8.886478e-01  -7.741164e-02 -8.984762e-01 4.321434e-01 -9.754595e-01  1.578658e-01  1.534832e-01  8
35 9.032501e+01 1.803734e+02 6.381222e+01  1.943982e-01  -6.343268e-01  -7.482238e-01  -9.293188e-01 1.250479e-01 -3.474617e-01 3.139681e-01  7.628844e-01  -5.651827e-01  8
36 9.032749e+01 1.762083e+02 6.934054e+01  2.310508e-01  -5.248197e-01  -8.192556e-01  -8.997437e-01 -4.356819e-01 2.534977e-02 -3.702389e-01  7.312630e-01  -5.728679e-01  8
37 9.056013e+01 1.763045e+02 6.093176e+01  1.115640e-01  -4.272034e-01  -8.972462e-01  -9.936212e-01 -3.301367e-02 -1.078286e-01 1.644336e-02  9.035526e-01  -4.281615e-01  8
38 9.064278e+01 1.881909e+02 7.097679e+01  -4.255924e-01  -6.151713e-01  -6.636530e-01  -4.561658e-01 7.792342e-01 -4.297754e-01 7.815266e-01  1.198266e-01  -6.122562e-01  8
39 9.069527e+01 1.758920e+02 7.151871e+01  6.821462e-02  -5.879777e-01  -8.059956e-01  -8.696111e-01 -4.310183e-01 2.408313e-01 -4.890023e-01  6.844746e-01  -5.407137e-01  8
40 9.075823e+01 1.836120e+02 6.602988e+01  -3.230859e-02  -8.572548e-01  -5.138778e-01  -7.575207e-01 3.564069e-01 -5.469338e-01 6.520112e-01  3.716024e-01  -6.609032e-01  8
41 9.085065e+01 1.731429e+02 6.203261e+01  1.115640e-01  -4.272034e-01  -8.972462e-01  -9.914629e-01 -1.091674e-01 -7.130136e-02 -6.748986e-02  8.975409e-01  -4.357355e-01  8
42 9.086102e+01 1.741812e+02 5.888643e+01  1.053857e-01  -5.104002e-01  -8.534550e-01  -9.919715e-01 -1.142848e-01 -5.414297e-02 -6.990236e-02  8.523090e-01  -5.183464e-01  8
43 9.093092e+01 1.750279e+02 6.726835e+01  1.309298e-01  -1.777033e-01  -9.753353e-01  -8.896044e-01 -4.552733e-01 -3.647171e-02 -4.375630e-01  8.724378e-01  -2.176945e-01  8
44 9.103990e+01 1.714072e+02 5.943742e+01  1.053857e-01  -5.104002e-01  -8.534550e-01  -9.933673e-01 -9.372541e-02 -6.661066e-02 -4.599233e-02  8.548141e-01  -5.168922e-01  8
45 9.109311e+01 1.599163e+02 3.572552e+01  5.241676e-03  -8.960519e-01  -4.439183e-01  -9.958811e-01 3.550559e-02 -8.342737e-02 9.051684e-02  4.425272e-01  -8.921751e-01  6
46 9.110672e+01 1.567328e+02 3.562532e+01  2.410817e-02  -9.490267e-01  -3.142723e-01  -9.950934e-01 7.394082e-03 -9.866303e-02 9.595761e-02  3.151089e-01  -9.441920e-01  6
47 9.117749e+01 1.722527e+02 5.677024e+01  7.660987e-02  -7.936216e-01  -6.035691e-01  -9.969790e-01 -5.320248e-02 -5.658970e-02 1.279944e-02  6.060810e-01  -7.952999e-01  6
48 9.121861e+01 1.695910e+02 5.747043e+01  5.899500e-02  -5.960777e-01  -8.007565e-01  -9.981937e-01 -2.609861e-02 -5.411337e-02 1.135714e-02  8.025025e-01  -5.965407e-01  6
49 9.123931e+01 1.895397e+02 7.291790e+01  -5.516809e-01  -2.229113e-01  -8.037156e-01  -2.359588e-01 9.659703e-01 -1.059476e-01 7.999823e-01  1.311945e-01  -5.855052e-01  8
50 9.125999e+01 1.583254e+02 3.410578e+01  1.417553e-01  -8.237516e-01  -5.489433e-01  -9.863913e-01 -7.088366e-02 -1.483498e-01 8.329227e-02  5.625023e-01  -8.225895e-01  6
51 9.133209e+01 1.678989e+02 5.602071e+01  6.578043e-02  -5.688486e-01  -8.198075e-01  -9.974705e-01 -1.530707e-02 -6.941463e-02 2.693757e-02  8.222998e-01  -5.684165e-01  6
52 9.134256e+01 1.744157e+02 6.967679e+01  2.310508e-01  -5.248197e-01  -8.192556e-01  -8.706605e-01 -4.873481e-01 6.664959e-02 -4.342417e-01  6.978941e-01  -5.695420e-01  8
53 9.139436e+01 1.630623e+02 3.703664e+01  -4.863784e-02  -8.492711e-01  -5.257118e-01  -9.816041e-01 -5.664853e-02 1.823300e-01 -1.846284e-01  5.249091e-01  -8.308928e-01  6
54 9.140137e+01 1.700966e+02 5.454371e+01  7.334899e-02  -7.452626e-01  -6.627243e-01  -9.968954e-01 -3.571494e-02 -7.017135e-02 2.862693e-02  6.658138e-01  -7.455686e-01  6
55 9.142640e+01 1.821067e+02 6.409104e+01  1.560169e-01  -6.203768e-01  -7.686295e-01  -6.763670e-01 5.000049e-01 -5.408537e-01 7.198516e-01  6.042580e-01  -3.415932e-01  8
56 9.144103e+01 1.656286e+02 5.604778e+01  -4.625996e-03  -3.323585e-01  -9.431418e-01  -9.994327e-01 -2.992837e-02 1.544871e-02 -3.336121e-02  9.426782e-01  -3.320315e-01  5
57 9.144588e+01 1.671288e+02 5.395342e+01  7.922969e-02  -5.080837e-01  -8.576559e-01  -9.965826e-01 -2.020662e-02 -8.009304e-02 2.336364e-02  8.610706e-01  -5.079483e-01  6
58 9.146892e+01 1.744957e+02 7.135822e+01  4.466724e-01  -8.725672e-01  -1.977631e-01  -8.775639e-01 -4.703325e-01 9.310728e-02 -1.742568e-01  1.319613e-01  -9.758180e-01  8
59 9.150446e+01 1.863260e+02 7.896179e+01  -8.980880e-01  -4.364196e-01  -5.455122e-02  -2.212172e-01 3.410287e-01 9.136533e-01 -3.801327e-01  8.326088e-01  -4.028173e-01  16
60 9.154403e+01 1.670654e+02 5.808507e+01  -2.719271e-02  -4.174012e-01  -9.083154e-01  -9.915219e-01 -1.042359e-01 7.758357e-02 -1.270625e-01  9.027243e-01  -4.110280e-01  5
61 9.155945e+01 1.648152e+02 3.937808e+01  -6.139728e-02  -6.961810e-01  -7.152359e-01  -9.893730e-01 -5.217572e-02 1.357154e-01 -1.318004e-01  7.159677e-01  -6.855792e-01  6
62 9.156667e+01 1.752931e+02 7.197771e+01  6.671415e-01  -7.346067e-01  -1.235928e-01  -5.156135e-01 -5.751160e-01 6.351254e-01 -5.376476e-01  -3.599923e-01  -7.624569e-01  8
63 9.156961e+01 1.643765e+02 5.382713e+01  7.325152e-02  -5.116838e-01  -8.560455e-01  -9.971120e-01 -5.482739e-02 -5.255058e-02 -2.004546e-02  8.574227e-01  -5.142223e-01  5
64 9.160921e+01 1.583162e+02 3.750991e+01  2.410817e-02  -9.490267e-01  -3.142723e-01  -9.655977e-01 -1.035239e-01 2.385452e-01 -2.589204e-01  2.977098e-01  -9.188738e-01  6
65 9.161679e+01 1.732378e+02 6.522811e+01  1.100978e-01  -3.414583e-01  -9.334263e-01  -8.853906e-01 -4.604215e-01 6.399559e-02 -4.516214e-01  8.194012e-01  -3.530154e-01  8
66 9.162216e+01 1.540949e+02 3.406703e+01  2.292291e-01  -9.482249e-01  -2.198260e-01  -9.635671e-01 -2.530324e-01 8.667757e-02 -1.378129e-01  1.919481e-01  -9.716808e-01  3
67 9.165458e+01 1.688259e+02 5.171381e+01  6.721244e-02  -5.073681e-01  -8.591042e-01  -9.965573e-01 7.751888e-03 -8.254424e-02 4.853999e-02  8.616946e-01  -5.051003e-01  6
68 9.166322e+01 1.664499e+02 4.164035e+01  -5.122806e-02  -5.405209e-01  -8.397695e-01  -9.850200e-01 -1.112895e-01 1.317206e-01 -1.646553e-01  8.339375e-01  -5.267227e-01  6
69 9.167107e+01 1.705855e+02 6.147554e+01  1.161763e-01  -4.364995e-01  -8.921722e-01  -9.235300e-01 -3.780305e-01 6.469356e-02 -3.655070e-01  8.164320e-01  -4.470385e-01  8
70 9.167217e+01 1.659395e+02 5.155756e+01  6.682219e-02  -1.683754e-01  -9.834554e-01  -9.973620e-01 -3.928034e-02 -6.104199e-02 -2.835250e-02  9.849400e-01  -1.705560e-01  6
71 9.167444e+01 1.749651e+02 5.625578e+01  1.302614e-01  -4.445987e-01  -8.862076e-01  -9.650903e-01 1.479902e-01 -2.161009e-01 2.272282e-01  8.834200e-01  -4.098005e-01  6
72 9.167894e+01 1.604190e+02 3.833780e+01  7.358710e-03  -9.610547e-01  -2.762601e-01  -9.777351e-01 -6.485372e-02 1.995695e-01 -2.097137e-01  2.686406e-01  -9.401342e-01  6
73 9.168970e+01 1.768878e+02 5.817632e+01  1.506945e-01  -2.558572e-01  -9.548970e-01  -9.499588e-01 2.298750e-01 -2.115084e-01 2.736229e-01  9.389859e-01  -2.084129e-01  8
74 9.171315e+01 1.688836e+02 5.991214e+01  -1.148141e-01  -3.663908e-01  -9.233502e-01  -9.579716e-01 -2.051396e-01 2.005197e-01 -2.628843e-01  9.075657e-01  -3.274390e-01  8
75 9.173423e+01 1.623819e+02 3.945691e+01  -5.920445e-03  -8.916048e-01  -4.527756e-01  -9.904682e-01 -5.708200e-02 1.253570e-01 -1.376143e-01  4.492020e-01  -8.827683e-01  6
76 9.176854e+01 1.735324e+02 7.074912e+01  4.823513e-01  -8.698251e-01  -1.036416e-01  -8.687093e-01 -4.901991e-01 7.105667e-02 -1.126119e-01  5.576015e-02  -9.920733e-01  8
77 9.178989e+01 1.629812e+02 5.606480e+01  -7.901999e-02  -1.398856e-02  -9.967749e-01  -9.882810e-01 -1.298982e-01 8.016960e-02 -1.306008e-01  9.914286e-01  -3.560065e-03  5
78 9.180120e+01 1.732265e+02 5.414345e+01  1.128393e-01  -3.583831e-01  -9.267302e-01  -9.802646e-01 1.122167e-01 -1.627539e-01 1.623228e-01  9.268058e-01  -3.386478e-01  6
79 9.181057e+01 1.680516e+02 4.408345e+01  -2.725892e-02  -2.715382e-01  -9.620416e-01  -9.957990e-01 -7.678301e-02 4.988757e-02 -8.741483e-02  9.593599e-01  -2.683044e-01  6
80 9.183559e+01 1.900084e+02 7.552170e+01  -7.813645e-01  -1.458078e-01  -6.068027e-01  -3.275473e-01 9.234506e-01 1.998796e-01 5.312083e-01  3.549354e-01  -7.693105e-01  8
81 9.183733e+01 1.675834e+02 4.918538e+01  5.402920e-02  -4.516455e-01  -8.905600e-01  -9.980863e-01 2.437063e-03 -6.178864e-02 3.007692e-02  8.921941e-01  -4.506495e-01  6
82 9.184781e+01 1.806270e+02 6.219754e+01  8.972967e-02  -6.477590e-01  -7.565427e-01  -7.102520e-01 4.908924e-01 -5.045460e-01 6.982053e-01  5.826088e-01  -4.160245e-01  8
83 9.187465e+01 1.643928e+02 5.827862e+01  -1.419226e-01  -1.740577e-01  -9.744547e-01  -9.810094e-01 -1.067458e-01 1.619443e-01 -1.322066e-01  9.789327e-01  -1.556026e-01  5
84 9.187783e+01 1.788272e+02 6.013834e+01  2.338985e-02  -6.734500e-01  -7.388627e-01  -8.375222e-01 3.903679e-01 -3.823211e-01 5.459024e-01  6.277563e-01  -5.548987e-01  8
85 9.190570e+01 1.539526e+02 3.674947e+01  -1.964166e-01  -8.806431e-02  -9.765578e-01  -9.492472e-01 -2.324526e-01 2.118857e-01 -2.456630e-01  9.686127e-01  -3.793726e-02  3
86 9.190582e+01 1.717115e+02 5.177664e+01  7.664958e-02  -2.819348e-01  -9.563669e-01  -9.896757e-01 9.499327e-02 -1.073230e-01 1.211065e-01  9.547194e-01  -2.717428e-01  6
87 9.194095e+01 1.630624e+02 5.151574e+01  1.020154e-01  -4.847661e-01  -8.686741e-01  -9.944174e-01 -7.336211e-02 -7.584251e-02 -2.696189e-02  8.715617e-01  -4.895439e-01  5
88 9.196578e+01 1.663022e+02 4.669443e+01  3.622656e-02  -4.994096e-01  -8.656083e-01  -9.989895e-01 -4.115362e-02 -1.806526e-02 -2.660095e-02  8.653880e-01  -5.003958e-01  6
89 9.198037e+01 1.871761e+02 6.901124e+01  -2.944835e-01  -7.968737e-01  -5.275147e-01  -4.474344e-01 6.027215e-01 -6.607037e-01 8.444418e-01  4.146184e-02  -5.340402e-01  16
90 9.198417e+01 1.692856e+02 4.670526e+01  8.350509e-04  -2.295670e-01  -9.732925e-01  -9.999611e-01 -8.741826e-03 1.203972e-03 -8.784746e-03  9.732536e-01  -2.295654e-01  6
91 9.198750e+01 1.646602e+02 4.914722e+01  5.812388e-02  -2.259234e-01  -9.724095e-01  -9.979978e-01 -3.748552e-02 -5.094422e-02 -2.494179e-02  9.734236e-01  -2.276498e-01  6
92 9.202626e+01 1.648729e+02 4.424360e+01  -9.345491e-03  -4.714806e-01  -8.818269e-01  -9.946824e-01 -8.606915e-02 5.655955e-02 -1.025648e-01  8.776663e-01  -4.681691e-01  6
93 9.203286e+01 1.616138e+02 5.385435e+01  4.563314e-02  -2.806861e-01  -9.587142e-01  -9.865599e-01 -1.633979e-01 8.800220e-04 -1.568988e-01  9.457888e-01  -2.843700e-01  5
94 9.203378e+01 1.704564e+02 4.925476e+01  6.460348e-02  -4.343137e-01  -8.984420e-01  -9.918967e-01 7.075013e-02 -1.055246e-01 1.093957e-01  8.979788e-01  -4.262236e-01  6
95 9.205219e+01 1.520565e+02 3.528870e+01  7.175604e-02  -8.029619e-01  -5.916952e-01  -9.835283e-01 -1.556325e-01 9.192715e-02 -1.659010e-01  5.753527e-01  -8.009033e-01  3
96 9.206996e+01 1.630995e+02 4.178848e+01  -1.377685e-02  -7.988579e-01  -6.013620e-01  -9.852617e-01 -9.170492e-02 1.443939e-01 -1.704981e-01  5.944882e-01  -7.858207e-01  6
97 9.208125e+01 1.823879e+02 7.633320e+01  -3.819589e-01  -6.667417e-01  -6.399710e-01  2.229160e-01 -7.384957e-01 6.363431e-01 -8.968923e-01  1.003971e-01  4.307024e-01  16
98 9.210082e+01 1.730360e+02 6.778625e+01  1.573064e-02  -2.783181e-01  -9.603601e-01  -8.710536e-01 -4.754066e-01 1.235079e-01 -4.909360e-01  8.345823e-01  -2.499084e-01  8
99 9.212010e+01 1.561875e+02 3.823072e+01  -6.645572e-02  -6.966027e-01  -7.143727e-01  -9.461965e-01 -1.832451e-01 2.667084e-01 -3.166951e-01  6.936612e-01  -6.469454e-01  6
100 9.212065e+01 1.727194e+02 6.966893e+01  4.823513e-01  -8.698251e-01  -1.036416e-01  -8.740103e-01 -4.858130e-01 9.574351e-03 -5.867845e-02  8.596563e-02  -9.945686e-01  8
101 9.217966e+01 1.616265e+02 5.826740e+01  2.617547e-02  -7.360493e-01  -6.764217e-01  -9.878473e-01 -1.227492e-01 9.534301e-02 -1.532074e-01  6.657057e-01  -7.303174e-01  5
102 9.219449e+01 1.674772e+02 3.926032e+01  -2.179114e-01  -8.292620e-01  -5.146253e-01  -9.519694e-01 2.968178e-01 -7.519005e-02 2.151022e-01  4.735228e-01  -8.541120e-01  6
103 9.219665e+01 1.758977e+02 7.190652e+01  6.671415e-01  -7.346067e-01  -1.235928e-01  1.372314e-01 -4.187461e-02 9.896535e-01 -7.321816e-01  -6.771997e-01  7.287479e-02  16
104 9.222655e+01 1.749010e+02 7.181886e+01  4.285686e-01  -8.973103e-01  -1.056556e-01  -3.510603e-01 -2.731295e-01 8.956321e-01 -8.325176e-01  -3.467484e-01  -4.320648e-01  16
105 9.222873e+01 1.633282e+02 4.674085e+01  2.688444e-02  -5.181912e-01  -8.548421e-01  -9.984002e-01 -5.647059e-02 2.832262e-03 -4.974110e-02  8.533984e-01  -5.188804e-01  6
106 9.223132e+01 1.736864e+02 7.161901e+01  4.823513e-01  -8.698251e-01  -1.036416e-01  -7.426864e-01 -4.688203e-01 4.781468e-01 -4.644934e-01  -1.536615e-01  -8.721434e-01  16
107 9.223399e+01 1.605082e+02 4.064393e+01  -5.920445e-03  -8.916048e-01  -4.527756e-01  -9.656744e-01 -1.124869e-01 2.341360e-01 -2.596881e-01  4.386200e-01  -8.603340e-01  6
108 9.226220e+01 1.726113e+02 7.113241e+01  4.844525e-01  -7.844387e-01  3.872490e-01  -8.643138e-01 -4.975772e-01 7.333827e-02 1.351569e-01  -3.702336e-01  -9.190537e-01  8
109 9.228101e+01 1.583132e+02 3.951922e+01  -7.161038e-02  -7.434204e-01  -6.649797e-01  -9.521208e-01 -1.477130e-01 2.676692e-01 -2.972168e-01  6.523089e-01  -6.972483e-01  6
110 9.228373e+01 1.709358e+02 6.367393e+01  1.159070e-01  -3.076885e-01  -9.444011e-01  -8.789961e-01 -4.745342e-01 4.672477e-02 -4.625273e-01  8.247091e-01  -3.254588e-01  8
111 9.229086e+01 1.603540e+02 5.607878e+01  1.396246e-01  -7.585685e-01  -6.364580e-01  -9.822631e-01 -1.873454e-01 7.802883e-03 -1.251565e-01  6.240798e-01  -7.712719e-01  5
112 9.230985e+01 1.617159e+02 4.913536e+01  1.061732e-01  -4.755230e-01  -8.732727e-01  -9.930677e-01 -9.525595e-02 -6.886828e-02 -5.043596e-02  8.745308e-01  -4.823401e-01  5
113 9.235035e+01 1.619428e+02 4.445085e+01  -2.543418e-02  -2.287991e-01  -9.731413e-01  -9.928966e-01 -1.073998e-01 5.120168e-02 -1.162300e-01  9.675310e-01  -2.244422e-01  6
114 9.237640e+01 1.800610e+02 7.228734e+01  3.875224e-01  -7.114953e-01  -5.861748e-01  4.271562e-01 -4.248918e-01 7.981256e-01 -8.169235e-01  -5.596797e-01  1.392645e-01  16
115 9.239321e+01 1.660672e+02 6.065297e+01  -2.157496e-01  1.790867e-01  -9.598854e-01  -9.699209e-01 -1.527846e-01 1.895001e-01 -1.127187e-01  9.718975e-01  2.066631e-01  5
116 9.242447e+01 1.630490e+02 6.046552e+01  -3.540037e-02  -7.998906e-01  -5.991008e-01  -9.774152e-01 -9.726288e-02 1.876154e-01 -2.083421e-01  5.922119e-01  -7.783821e-01  5
117 9.244549e+01 1.601065e+02 5.157937e+01  7.677406e-02  -2.627811e-01  -9.617962e-01  -9.863772e-01 -1.607738e-01 -3.480974e-02 -1.454843e-01  9.513663e-01  -2.715446e-01  5
118 9.247142e+01 1.568034e+02 3.286574e+01  8.707007e-02  -9.580798e-01  -2.729505e-01  -9.358639e-01 1.524043e-02 -3.520319e-01 3.414346e-01  2.860959e-01  -8.953053e-01  6
119 9.247410e+01 1.606041e+02 4.269198e+01  -6.170937e-02  -3.265398e-01  -9.431668e-01  -9.869399e-01 -1.209170e-01 1.064368e-01 -1.488007e-01  9.374171e-01  -3.148135e-01  6
120 9.248385e+01 1.597248e+02 3.332324e+01  1.417553e-01  -8.237516e-01  -5.489433e-01  -7.622228e-01 2.629932e-01 -5.914820e-01 6.316026e-01  5.022628e-01  -5.906016e-01  6
121 9.253410e+01 1.714699e+02 7.009455e+01  4.104177e-01  -8.996634e-01  1.488723e-01  -9.116699e-01 -4.011623e-01 8.903243e-02 -2.037726e-02  -1.722629e-01  -9.848402e-01  8
122 9.253446e+01 1.604327e+02 4.673706e+01  7.863531e-02  -4.627792e-01  -8.829790e-01  -9.940398e-01 -1.034856e-01 -3.428805e-02 -7.550783e-02  8.804125e-01  -4.681586e-01  4
123 9.261377e+01 1.818052e+02 7.390565e+01  2.703595e-01  -6.244966e-01  -7.327413e-01  5.130240e-01 -5.505795e-01 6.585352e-01 -8.146853e-01  -5.539551e-01  1.715273e-01  16
124 9.263620e+01 1.622322e+02 3.450259e+01  8.798664e-02  -7.729739e-01  -6.283070e-01  -8.223052e-01 2.996298e-01 -4.837728e-01 5.622033e-01  5.592257e-01  -6.092571e-01  6
125 9.264842e+01 1.588906e+02 5.405783e+01  1.673664e-01  -6.918749e-01  -7.023515e-01  -9.748774e-01 -2.223460e-01 -1.327837e-02 -1.469781e-01  6.869289e-01  -7.117064e-01  5
126 9.265639e+01 1.686134e+02 6.226490e+01  -4.640081e-02  -4.249708e-01  -9.040170e-01  -9.034893e-01 -3.681709e-01 2.194478e-01 -4.260917e-01  8.269522e-01  -3.668731e-01  8
127 9.269582e+01 1.589221e+02 5.812507e+01  -6.032260e-02  -3.304205e-01  -9.419042e-01  -9.780028e-01 -1.692009e-01 1.219902e-01 -1.996792e-01  9.285437e-01  -3.129455e-01  5
128 9.270724e+01 1.592813e+02 4.447015e+01  5.946148e-03  -5.703896e-01  -8.213527e-01  -9.919021e-01 -1.075690e-01 6.752063e-02 -1.268652e-01  8.143001e-01  -5.664103e-01  4
129 9.271273e+01 1.660275e+02 3.724417e+01  -1.798430e-01  -8.600797e-01  -4.774090e-01  -8.961958e-01 3.433525e-01 -2.809665e-01 4.055732e-01  3.773221e-01  -8.325494e-01  6
130 9.273341e+01 1.712332e+02 6.855250e+01  3.493506e-01  -9.345372e-01  -6.778213e-02  -9.367339e-01 -3.466415e-01 -4.867474e-02 2.199226e-02  8.049837e-02  -9.965121e-01  8
131 9.275273e+01 1.562203e+02 4.040059e+01  -5.630169e-02  -7.024285e-01  -7.095240e-01  -9.621886e-01 -1.515172e-01 2.263529e-01 -2.665018e-01  6.954399e-01  -6.673380e-01  4
132 9.277329e+01 1.498562e+02 3.518818e+01  1.763188e-01  -8.430119e-01  -5.081758e-01  -9.134903e-01 -3.324485e-01 2.345497e-01 -3.666705e-01  4.228581e-01  -8.287001e-01  3
133 9.278040e+01 1.581221e+02 4.208975e+01  -9.421764e-02  -4.610275e-01  -8.823699e-01  -9.783903e-01 -1.209784e-01 1.676802e-01 -1.840529e-01  8.791006e-01  -4.396665e-01  4
134 9.278365e+01 1.601890e+02 6.050064e+01  -1.306411e-01  -3.795546e-01  -9.158991e-01  -9.748044e-01 -1.192961e-01 1.884803e-01 -1.808018e-01  9.174458e-01  -3.544066e-01  5
135 9.280525e+01 1.587070e+02 4.908110e+01  6.957186e-02  -2.406272e-01  -9.681210e-01  -9.871554e-01 -1.565180e-01 -3.203705e-02 -1.438194e-01  9.579147e-01  -2.484257e-01  4
136 9.282136e+01 1.840761e+02 7.838245e+01  -2.834318e-01  -8.908801e-01  -3.549636e-01  -8.450787e-03 -3.678076e-01 9.298635e-01 -9.589552e-01  2.665526e-01  9.671972e-02  16
137 9.282375e+01 1.582044e+02 5.610723e+01  5.391357e-02  -3.715188e-01  -9.268587e-01  -9.730871e-01 -2.278083e-01 3.471130e-02 -2.240420e-01  9.000429e-01  -3.738021e-01  5
138 9.283477e+01 1.513500e+02 3.730518e+01  2.443972e-02  -7.032378e-01  -7.105346e-01  -9.247742e-01 -2.858765e-01 2.511320e-01 -3.797306e-01  6.509464e-01  -6.573229e-01  3
139 9.284975e+01 1.710607e+02 6.633612e+01  -6.334945e-02  -1.639162e-01  -9.844381e-01  -8.902621e-01 -4.365099e-01 1.299713e-01 -4.510213e-01  8.846415e-01  -1.182757e-01  8
140 9.288492e+01 1.706189e+02 7.055391e+01  4.027852e-01  -8.856514e-01  2.310532e-01  -9.152800e-01 -3.883140e-01 1.071201e-01 -5.149859e-03  -2.546247e-01  -9.670262e-01  16
141 9.289519e+01 1.774938e+02 7.113398e+01  3.028827e-01  -8.550644e-01  -4.208645e-01  3.512493e-01 -3.103639e-01 8.833449e-01 -8.859379e-01  -4.153782e-01  2.063369e-01  16
142 9.289605e+01 1.702600e+02 6.937537e+01  4.027852e-01  -8.856514e-01  2.310532e-01  -9.051289e-01 -4.229302e-01 -4.326359e-02 1.360358e-01  -1.917070e-01  -9.719788e-01  8
143 9.297124e+01 1.834357e+02 6.501301e+01  2.264084e-01  -6.728196e-01  -7.043103e-01  -2.198682e-01 6.691215e-01 -7.098833e-01 9.488926e-01  3.155790e-01  3.563123e-03  16
144 9.298031e+01 1.642055e+02 6.228013e+01  -1.587224e-01  -1.830428e-01  -9.702075e-01  -9.835893e-01 -5.606735e-02 1.714894e-01 -8.578687e-02  9.815049e-01  -1.711398e-01  5
145 9.301931e+01 1.576226e+02 4.651371e+01  3.452453e-02  -2.045604e-01  -9.782449e-01  -9.849063e-01 -1.730825e-01 1.433581e-03 -1.696103e-01  9.634301e-01  -2.074484e-01  4
146 9.302153e+01 1.716971e+02 7.101887e+01  4.095292e-01  -9.096822e-01  -6.902316e-02  -7.651304e-01 -3.836867e-01 5.170687e-01 -4.968515e-01  -1.589430e-01  -8.531563e-01  16
147 9.302759e+01 1.887831e+02 7.785425e+01  -9.732402e-01  -8.840171e-02  -2.121055e-01  -2.295105e-01 4.194946e-01 8.782649e-01 1.133700e-02  9.034431e-01  -4.285581e-01  16
148 9.304414e+01 1.535370e+02 3.955147e+01  -1.385413e-01  -2.641805e-01  -9.544710e-01  -9.617955e-01 -1.938957e-01 1.932713e-01 -2.361264e-01  9.447820e-01  -2.272251e-01  4
149 9.305795e+01 1.708433e+02 4.422644e+01  -2.281445e-02  -1.485239e-01  -9.886456e-01  -9.040076e-01 4.253446e-01 -4.303805e-02 4.269073e-01  8.927612e-01  -1.439707e-01  6
150 9.309313e+01 1.719961e+02 4.684737e+01  1.780853e-01  2.560046e-01  -9.501301e-01  -9.295246e-01 3.606191e-01 -7.705736e-02 3.229081e-01  8.968921e-01  3.021836e-01  6
151 9.309620e+01 1.693370e+02 6.966954e+01  -2.482281e-02  9.144411e-01  4.039570e-01  -9.916408e-01 -7.370328e-02 1.059073e-01 1.266190e-01  -3.979513e-01  9.086266e-01  8
152 9.310783e+01 1.569279e+02 4.430250e+01  -5.469731e-02  -4.109489e-02  -9.976570e-01  -9.833964e-01 -1.709263e-01 6.095617e-02 -1.730308e-01  9.844264e-01  -3.106336e-02  4
153 9.312118e+01 1.729968e+02 4.940906e+01  1.581305e-01  7.127795e-02  -9.848422e-01  -9.138385e-01 3.883660e-01 -1.186218e-01 3.740241e-01  9.187444e-01  1.265490e-01  6
154 9.313888e+01 1.741605e+02 7.088975e+01  2.178566e-02  -9.995656e-01  -1.984824e-02  6.612071e-01 -4.855929e-04 7.502032e-01 -7.498870e-01  -2.946747e-02  6.609094e-01  16
155 9.314006e+01 1.697056e+02 4.115933e+01  -4.942221e-02  -5.201882e-01  -8.526205e-01  -9.031169e-01 3.878432e-01 -1.842759e-01 4.265412e-01  7.609086e-01  -4.889588e-01  6
156 9.316570e+01 1.516405e+02 3.311158e+01  4.230293e-01  -8.718486e-01  -2.468323e-01  -8.800822e-01 -3.305079e-01 -3.409103e-01 2.156421e-01  3.614477e-01  -9.071130e-01  11
157 9.319264e+01 1.742099e+02 5.186880e+01  1.894913e-01  -2.538224e-02  -9.815543e-01  -8.738601e-01 4.514789e-01 -1.803756e-01 4.477294e-01  8.919207e-01  6.337077e-02  6
158 9.319519e+01 1.618856e+02 6.259532e+01  -1.895735e-01  1.236587e-01  -9.740485e-01  -9.786960e-01 -1.034562e-01 1.773439e-01 -7.884119e-02  9.869171e-01  1.406369e-01  5
159 9.320614e+01 1.754850e+02 7.067905e+01  5.795531e-01  -7.748581e-01  -2.524147e-01  6.178600e-01 2.158268e-01 7.560871e-01 -5.313824e-01  -5.941496e-01  6.038369e-01  16
160 9.321319e+01 1.852885e+02 6.683308e+01  -1.192145e-01  -7.870910e-01  -6.052071e-01  -3.025286e-01 6.093649e-01 -7.329058e-01 9.456555e-01  9.571949e-02  -3.107626e-01  16
161 9.321633e+01 1.686326e+02 6.491952e+01  -4.350863e-02  -4.660147e-01  -8.837066e-01  -9.414460e-01 -2.768983e-01 1.923712e-01 -3.343447e-01  8.403318e-01  -4.266802e-01  8
162 9.324460e+01 1.682969e+02 6.932275e+01  -2.482281e-02  9.144411e-01  4.039570e-01  -9.996810e-01 -2.082035e-02 -1.429832e-02 -4.664443e-03  -4.041831e-01  9.146662e-01  5
163 9.327643e+01 1.767930e+02 5.622730e+01  2.723138e-01  -2.166734e-01  -9.374955e-01  -7.118070e-01 6.102223e-01 -3.477924e-01 6.474380e-01  7.620246e-01  1.194230e-02  6
164 9.327908e+01 1.686521e+02 6.800739e+01  -2.402797e-02  9.930634e-01  1.150987e-01  -9.996283e-01 -2.238236e-02 -1.556866e-02 -1.288448e-02  -1.154300e-01  9.932320e-01  8
165 9.328753e+01 1.567168e+02 5.183824e+01  2.118226e-02  -1.533212e-01  -9.879494e-01  -9.717528e-01 -2.354778e-01 1.570911e-02 -2.350487e-01  9.597098e-01  -1.539782e-01  4
166 9.329486e+01 1.643908e+02 3.560735e+01  2.962022e-02  -7.935752e-01  -6.077508e-01  -7.166932e-01 4.069666e-01 -5.663295e-01 6.967593e-01  4.523456e-01  -5.566955e-01  6
167 9.333282e+01 1.675508e+02 6.972682e+01  -2.482281e-02  9.144411e-01  4.039570e-01  -9.980310e-01 -4.595139e-02 4.269245e-02 5.760212e-02  -4.021019e-01  9.137812e-01  16
168 9.333819e+01 1.662414e+02 6.335569e+01  -2.085704e-01  3.883313e-01  -8.976064e-01  -9.776370e-01 -5.753026e-02 2.022772e-01 2.691105e-02  9.197223e-01  3.916462e-01  5
169 9.333841e+01 1.589734e+02 7.765176e+01  -3.199358e-02  9.320550e-01  -3.609015e-01  -9.988863e-01 -4.234564e-02 -2.081044e-02 -3.467908e-02  3.598337e-01  9.323717e-01  7
170 9.334122e+01 1.755080e+02 5.415786e+01  2.302788e-01  -1.206714e-01  -9.656138e-01  -8.027552e-01 5.373230e-01 -2.585889e-01 5.500508e-01  8.346990e-01  2.686447e-02  6
171 9.334331e+01 1.548665e+02 4.262438e+01  -1.063615e-01  -1.697539e-01  -9.797300e-01  -9.802332e-01 -1.474112e-01 1.319574e-01 -1.668235e-01  9.743991e-01  -1.507196e-01  4
172 9.334766e+01 1.564411e+02 5.489883e+01  -1.318775e-02  -1.054537e-01  -9.943368e-01  -9.611830e-01 -2.727462e-01 4.167395e-02 -2.755963e-01  9.562892e-01  -9.776338e-02  5
173 9.334928e+01 1.673144e+02 6.905951e+01  -2.402797e-02  9.930634e-01  1.150987e-01  -9.989058e-01 -1.922810e-02 -4.263256e-02 -4.012371e-02  -1.159972e-01  9.924388e-01  5
174 9.336677e+01 1.686548e+02 7.013413e+01  8.122138e-02  3.902831e-01  9.171053e-01  -9.537097e-01 -2.368813e-01 1.852703e-01 2.895530e-01  -8.897001e-01  3.529769e-01  16
175 9.338695e+01 1.584915e+02 7.599335e+01  -1.319669e-01  6.939866e-01  -7.077905e-01  -9.892913e-01 -1.371206e-01 5.000610e-02 -6.234907e-02  7.068102e-01  7.046503e-01  7
176 9.339158e+01 1.727290e+02 7.065958e+01  4.824192e-01  -8.695713e-01  -1.054392e-01  2.071835e-01 -3.681538e-03 9.782952e-01 -8.510856e-01  -4.937936e-01  1.783848e-01  16
177 9.341400e+01 1.565152e+02 5.738866e+01  -5.645669e-02  -2.059252e-01  -9.769378e-01  -9.517230e-01 -2.846058e-01 1.149906e-01 -3.017216e-01  9.362662e-01  -1.799159e-01  5
178 9.341745e+01 1.665307e+02 6.947938e+01  -2.402797e-02  9.930634e-01  1.150987e-01  -9.996017e-01 -2.557015e-02 1.194094e-02 1.480120e-02  -1.147660e-01  9.932823e-01  5
179 9.341905e+01 1.579835e+02 7.796832e+01  -2.539037e-01  8.746028e-01  -4.130410e-01  -9.664294e-01 -2.467645e-01 7.156448e-02 -3.933336e-02  4.173454e-01  9.078963e-01  7
180 9.342038e+01 1.891853e+02 7.083222e+01  -1.761062e-01  -5.309572e-01  -8.288975e-01  -3.166464e-01 8.278586e-01 -4.630175e-01 9.320524e-01  1.809272e-01  -3.139167e-01  16
181 9.342175e+01 1.598598e+02 7.447785e+01  -1.620482e-02  7.722193e-01  -6.351493e-01  -9.984676e-01 -4.611524e-02 -3.059295e-02 -5.291454e-02  6.336803e-01  7.717832e-01  7
182 9.343102e+01 1.597093e+02 7.680953e+01  -3.199358e-02  9.320550e-01  -3.609015e-01  -9.992653e-01 -3.745145e-02 -8.137218e-03 -2.110062e-02  3.603760e-01  9.325685e-01  7
183 9.345137e+01 1.655382e+02 6.875736e+01  -4.519333e-02  6.549546e-01  -7.543156e-01  -9.979167e-01 -6.439856e-02 3.872443e-03 -4.604056e-02  7.529192e-01  6.565005e-01  5
184 9.347174e+01 1.637849e+02 6.435774e+01  -1.200856e-01  4.015259e-02  -9.919512e-01  -9.914213e-01 -5.679111e-02 1.177227e-01 -5.160714e-02  9.975783e-01  4.662792e-02  5
185 9.349611e+01 1.696950e+02 7.045795e+01  2.836178e-01  -9.588427e-01  1.348059e-02  -7.810299e-01 -2.228202e-01 5.833897e-01 -5.563751e-01  -1.759884e-01  -8.120805e-01  16
186 9.349919e+01 1.605668e+02 7.349064e+01  2.271974e-01  7.214598e-01  -6.541231e-01  -9.727075e-01 1.356102e-01 -1.882815e-01 -4.713174e-02  6.790475e-01  7.325797e-01  7
187 9.350070e+01 1.589915e+02 7.328264e+01  8.502141e-02  1.520995e-01  -9.847015e-01  -9.958274e-01 -1.991174e-02 -8.905767e-02 -3.315275e-02  9.881646e-01  1.497719e-01  7
188 9.350342e+01 1.610190e+02 7.237680e+01  1.888524e-01  -1.379875e-01  -9.722624e-01  -9.820055e-01 -2.640969e-02 -1.869968e-01 1.260722e-04  9.900818e-01  -1.404921e-01  7
189 9.350406e+01 1.659186e+02 6.964676e+01  1.055457e-01  9.844420e-01  1.404777e-01  -9.868646e-01 8.631937e-02 1.365548e-01 1.223044e-01  -1.530452e-01  9.806216e-01  5
190 9.350860e+01 1.633366e+02 7.076819e+01  9.990429e-02  9.937711e-01  4.937680e-02  -9.949953e-01 9.987416e-02 3.083308e-03 -1.867364e-03  -4.943772e-02  9.987755e-01  5
191 9.350978e+01 1.642043e+02 7.006319e+01  -2.333071e-02  9.975014e-01  -6.668301e-02  -9.992813e-01 -2.127498e-02 3.137411e-02 2.987704e-02  6.736706e-02  9.972808e-01  5
192 9.351120e+01 1.626856e+02 6.944228e+01  -2.858687e-03  4.731490e-01  -8.809778e-01  -9.999924e-01 9.924314e-04 3.777885e-03 2.661813e-03  8.809818e-01  4.731426e-01  5
193 9.351829e+01 1.484942e+02 3.736246e+01  1.763188e-01  -8.430119e-01  -5.081758e-01  -9.458647e-01 -2.880199e-01 1.496145e-01 -2.724915e-01  4.542857e-01  -8.481585e-01  3
194 9.351931e+01 1.601081e+02 7.548307e+01  -1.620482e-02  7.722193e-01  -6.351493e-01  -9.925778e-01 6.414859e-02 1.033164e-01 1.205268e-01  6.321094e-01  7.654483e-01  7
195 9.354176e+01 1.621623e+02 7.125576e+01  2.606565e-01  -3.075803e-01  -9.151243e-01  -9.648487e-01 -1.159264e-01 -2.358558e-01 -3.354242e-02  9.444339e-01  -3.269854e-01  5
196 9.355062e+01 1.557025e+02 4.867589e+01  -3.516062e-04  -1.272381e-01  -9.918721e-01  -9.696858e-01 -2.423254e-01 3.142943e-02 -2.443549e-01  9.618154e-01  -1.232958e-01  4
197 9.355361e+01 1.652598e+02 7.016429e+01  1.055457e-01  9.844420e-01  1.404777e-01  -9.918999e-01 9.418317e-02 8.522995e-02 7.067332e-02  -1.483354e-01  9.864086e-01  13
198 9.356489e+01 1.542572e+02 3.260745e+01  3.082982e-01  -9.074681e-01  -2.854014e-01  -6.582998e-01 1.306111e-02 -7.526425e-01 6.867267e-01  4.199180e-01  -5.933593e-01  11
199 9.356794e+01 1.588362e+02 7.904550e+01  -2.264414e-01  9.729906e-01  -4.487215e-02  -9.613249e-01 -2.158366e-01 1.710819e-01 1.567760e-01  8.187673e-02  9.842345e-01  7
200 9.358507e+01 1.660288e+02 6.604438e+01  -1.178879e-01  3.565736e-01  -9.267997e-01  -9.864202e-01 -1.495293e-01 6.794215e-02 -1.143573e-01  9.222236e-01  3.693591e-01  5
201 9.359104e+01 1.632541e+02 6.689461e+01  -8.430785e-02  4.544343e-01  -8.867816e-01  -9.954596e-01 -7.787530e-02 5.473258e-02 -4.418602e-02  8.873696e-01  4.589365e-01  5
202 9.360930e+01 1.472128e+02 3.489117e+01  3.740006e-01  -8.535121e-01  -3.628233e-01  -9.000476e-01 -4.283899e-01 7.997732e-02 -2.236914e-01  2.966466e-01  -9.284196e-01  3
203 9.361096e+01 1.575922e+02 7.924692e+01  -2.373309e-01  9.566385e-01  -1.688690e-01  -9.612960e-01 -2.062369e-01 1.826921e-01 1.399433e-01  2.056916e-01  9.685592e-01  7
204 9.362377e+01 1.663428e+02 7.019753e+01  2.261885e-01  8.169671e-01  5.304748e-01  -9.344789e-01 2.828311e-02 3.548934e-01 2.749328e-01  -5.759903e-01  7.698358e-01  13
205 9.366249e+01 1.547165e+02 4.579891e+01  -5.816178e-03  -2.753926e-01  -9.613142e-01  -9.747136e-01 -2.131864e-01 6.696983e-02 -2.233821e-01  9.373956e-01  -2.671890e-01  4
206 9.367184e+01 1.900831e+02 7.352948e+01  -1.157326e-01  -1.776005e-01  -9.772738e-01  -1.866344e-01 9.702490e-01 -1.542219e-01 9.755888e-01  1.645444e-01  -1.454358e-01  16
207 9.369700e+01 1.716495e+02 7.034598e+01  2.910908e-01  -9.186189e-01  -2.672180e-01  6.993544e-01 1.372716e-02 7.146433e-01 -6.528167e-01  -3.949062e-01  6.464360e-01  16
208 9.370510e+01 1.569378e+02 6.032347e+01  -1.647173e-01  -8.010320e-02  -9.830827e-01  -9.435890e-01 -2.774605e-01 1.807080e-01 -2.872420e-01  9.573918e-01  -2.988195e-02  5
209 9.371827e+01 1.641893e+02 7.114875e+01  2.608377e-01  8.414826e-01  4.731497e-01  -9.615859e-01 1.830414e-01 2.045688e-01 8.553513e-02  -5.083334e-01  8.569019e-01  13
210 9.372108e+01 1.708062e+02 7.041638e+01  -1.402321e-01  -9.473663e-01  2.878056e-01  4.058916e-01 2.101258e-01 8.894376e-01 -9.030985e-01  2.415456e-01  3.550616e-01  16
211 9.372777e+01 1.490178e+02 3.319894e+01  4.514630e-01  -7.468274e-01  -4.882930e-01  -8.775904e-01 -2.727184e-01 -3.942839e-01 1.612955e-01  6.065258e-01  -7.785308e-01  11
212 9.376602e+01 1.596259e+02 7.824590e+01  -5.356714e-01  6.235499e-01  -5.694223e-01  7.194007e-01 -1.611609e-02 -6.944083e-01 -4.421751e-01  -7.816175e-01  -4.399493e-01  7
213 9.377380e+01 1.599285e+02 7.062633e+01  2.133650e-01  -3.700181e-01  -9.041914e-01  -9.769683e-01 -8.355781e-02 -1.963444e-01 -2.901271e-03  9.252593e-01  -3.793242e-01  7
214 9.379100e+01 1.610835e+02 6.503209e+01  -1.259345e-01  2.912384e-01  -9.483252e-01  -9.920200e-01 -3.112589e-02 1.221780e-01 6.065473e-03  9.561440e-01  2.928342e-01  5
215 9.381261e+01 1.570530e+02 8.013435e+01  -2.373309e-01  9.566385e-01  -1.688690e-01  -9.709827e-01 -2.283423e-01 7.107963e-02 2.943757e-02  1.808383e-01  9.830722e-01  7
216 9.382465e+01 1.633685e+02 7.178620e+01  1.765835e-01  9.290184e-01  -3.251817e-01  -9.351154e-01 2.614565e-01 2.391647e-01 3.072093e-01  2.618499e-01  9.149083e-01  13
217 9.384444e+01 1.566537e+02 7.924107e+01  -2.373309e-01  9.566385e-01  -1.688690e-01  -9.709827e-01 -2.283423e-01 7.107963e-02 2.943757e-02  1.808383e-01  9.830722e-01  7
218 9.385318e+01 1.610349e+02 7.412089e+01  2.271974e-01  7.214598e-01  -6.541231e-01  -8.834117e-01 4.353589e-01 1.733391e-01 4.098355e-01  5.384778e-01  7.362584e-01  15
219 9.385764e+01 1.502382e+02 3.963278e+01  2.443972e-02  -7.032378e-01  -7.105346e-01  -9.284318e-01 -2.795176e-01 2.447126e-01 -3.706980e-01  6.537022e-01  -6.597396e-01  3
220 9.387317e+01 1.602294e+02 7.617190e+01  2.812988e-01  9.127045e-01  -2.963805e-01  -8.497885e-01 3.804019e-01 3.649026e-01 4.457920e-01  1.492141e-01  8.826124e-01  7
221 9.389254e+01 1.625250e+02 7.234877e+01  3.869212e-02  9.243841e-01  -3.794958e-01  9.532572e-01 -1.480406e-01 -2.634096e-01 -2.996724e-01  -3.515652e-01  -8.869038e-01  15
222 9.389661e+01 1.617627e+02 7.309615e+01  3.537948e-01  7.337280e-01  -5.800625e-01  -8.820054e-01 4.681158e-01 5.416792e-02 3.112809e-01  4.924539e-01  8.127689e-01  15
223 9.389768e+01 1.577970e+02 8.020791e+01  -6.606474e-01  6.504410e-01  -3.747954e-01  -7.062771e-01 -3.693567e-01 6.039439e-01 2.543967e-01  6.637034e-01  7.034061e-01  7
224 9.391609e+01 1.526941e+02 4.419648e+01  8.277145e-02  -7.290991e-01  -6.793846e-01  -9.770671e-01 -1.935761e-01 8.870218e-02 -1.961853e-01  6.564623e-01  -7.284013e-01  4
225 9.392638e+01 1.590470e+02 6.289303e+01  -1.895735e-01  1.236587e-01  -9.740485e-01  -9.694647e-01 -1.807488e-01 1.657347e-01 -1.555636e-01  9.757245e-01  1.541480e-01  5
226 9.394134e+01 1.517663e+02 4.203583e+01  3.755449e-02  -7.716233e-01  -6.349702e-01  -9.576583e-01 -2.092967e-01 1.977004e-01 -2.854474e-01  6.006599e-01  -7.468115e-01  4
227 9.397642e+01 1.563406e+02 7.451036e+01  1.002670e-02  2.701070e-01  -9.627781e-01  -9.741808e-01 -2.145346e-01 -7.033305e-02 -2.255467e-01  9.386251e-01  2.609820e-01  7
